3.100000000000000000e+01 3.100000000000000000e+01 2.400000000000000000e+01
3.000000000000000000e+01 3.000000000000000000e+01 2.300000000000000000e+01
1.100000000000000000e+01 1.100000000000000000e+01 7.000000000000000000e+00
2.400000000000000000e+01 2.400000000000000000e+01 1.700000000000000000e+01
3.600000000000000000e+01 3.600000000000000000e+01 2.000000000000000000e+00
1.440000000000000000e+02 1.670000000000000000e+02 1.700000000000000000e+01
5.600000000000000000e+01 1.900000000000000000e+02 5.000000000000000000e+00
1.090000000000000000e+02 2.140000000000000000e+02 2.000000000000000000e+01
2.000000000000000000e+00 2.000000000000000000e+00 2.000000000000000000e+00
4.700000000000000000e+01 4.700000000000000000e+01 9.000000000000000000e+00
7.000000000000000000e+01 7.000000000000000000e+01 2.500000000000000000e+01
6.000000000000000000e+00 9.000000000000000000e+00 1.600000000000000000e+01
5.000000000000000000e+01 5.000000000000000000e+01 1.100000000000000000e+01
3.400000000000000000e+01 2.340000000000000000e+02 1.900000000000000000e+01
1.160000000000000000e+02 2.070000000000000000e+02 2.100000000000000000e+01
7.000000000000000000e+00 7.000000000000000000e+00 5.000000000000000000e+00
2.500000000000000000e+01 2.500000000000000000e+01 1.800000000000000000e+01
5.300000000000000000e+01 5.300000000000000000e+01 1.500000000000000000e+01
5.500000000000000000e+01 5.500000000000000000e+01 1.700000000000000000e+01
4.300000000000000000e+01 4.300000000000000000e+01 6.000000000000000000e+00
4.200000000000000000e+01 4.200000000000000000e+01 5.000000000000000000e+00
1.400000000000000000e+01 1.400000000000000000e+01 9.000000000000000000e+00
7.100000000000000000e+01 2.260000000000000000e+02 2.500000000000000000e+01
1.190000000000000000e+02 2.110000000000000000e+02 2.300000000000000000e+01
4.500000000000000000e+01 4.500000000000000000e+01 7.000000000000000000e+00
6.900000000000000000e+01 1.010000000000000000e+02 4.000000000000000000e+00
6.100000000000000000e+01 1.050000000000000000e+02 5.000000000000000000e+00
1.600000000000000000e+01 1.600000000000000000e+01 1.100000000000000000e+01
4.000000000000000000e+00 6.000000000000000000e+01 2.000000000000000000e+00
2.100000000000000000e+02 2.740000000000000000e+02 8.000000000000000000e+00
2.700000000000000000e+01 2.700000000000000000e+01 2.000000000000000000e+01
2.800000000000000000e+01 2.800000000000000000e+01 2.100000000000000000e+01
3.900000000000000000e+01 2.130000000000000000e+02 1.800000000000000000e+01
6.600000000000000000e+01 6.600000000000000000e+01 2.200000000000000000e+01
0.000000000000000000e+00 0.000000000000000000e+00 1.000000000000000000e+00
2.200000000000000000e+01 7.900000000000000000e+01 1.600000000000000000e+01
5.800000000000000000e+01 9.400000000000000000e+01 9.000000000000000000e+00
1.000000000000000000e+00 2.760000000000000000e+02 1.400000000000000000e+01
9.800000000000000000e+01 1.950000000000000000e+02 1.000000000000000000e+00
6.300000000000000000e+01 6.300000000000000000e+01 2.000000000000000000e+01
2.300000000000000000e+01 2.300000000000000000e+01 1.600000000000000000e+01
1.320000000000000000e+02 2.600000000000000000e+02 2.200000000000000000e+01
1.360000000000000000e+02 1.610000000000000000e+02 1.000000000000000000e+00
8.900000000000000000e+01 1.990000000000000000e+02 8.000000000000000000e+00
4.100000000000000000e+01 1.490000000000000000e+02 9.000000000000000000e+00
1.280000000000000000e+02 1.660000000000000000e+02 2.400000000000000000e+01
5.900000000000000000e+01 5.900000000000000000e+01 1.800000000000000000e+01
2.000000000000000000e+01 2.000000000000000000e+01 1.500000000000000000e+01
1.700000000000000000e+01 1.700000000000000000e+01 1.200000000000000000e+01
3.800000000000000000e+01 3.800000000000000000e+01 4.000000000000000000e+00
6.200000000000000000e+01 6.200000000000000000e+01 1.900000000000000000e+01
6.800000000000000000e+01 6.800000000000000000e+01 2.400000000000000000e+01
4.600000000000000000e+01 4.600000000000000000e+01 8.000000000000000000e+00
1.960000000000000000e+02 2.380000000000000000e+02 1.000000000000000000e+01
3.700000000000000000e+01 3.700000000000000000e+01 3.000000000000000000e+00
2.320000000000000000e+02 4.900000000000000000e+01 2.500000000000000000e+01
1.830000000000000000e+02 2.290000000000000000e+02 1.900000000000000000e+01
1.350000000000000000e+02 2.010000000000000000e+02 7.000000000000000000e+00
1.240000000000000000e+02 2.350000000000000000e+02 1.800000000000000000e+01
5.100000000000000000e+01 5.100000000000000000e+01 1.200000000000000000e+01
2.100000000000000000e+01 2.680000000000000000e+02 6.000000000000000000e+00
9.100000000000000000e+01 1.410000000000000000e+02 1.000000000000000000e+01
2.900000000000000000e+01 2.900000000000000000e+01 2.200000000000000000e+01
3.200000000000000000e+01 2.440000000000000000e+02 2.000000000000000000e+00
3.500000000000000000e+01 3.500000000000000000e+01 1.000000000000000000e+00
1.900000000000000000e+01 2.500000000000000000e+02 1.500000000000000000e+01
2.040000000000000000e+02 2.690000000000000000e+02 2.200000000000000000e+01
4.800000000000000000e+01 4.800000000000000000e+01 1.000000000000000000e+01
8.500000000000000000e+01 1.070000000000000000e+02 2.300000000000000000e+01
1.710000000000000000e+02 1.790000000000000000e+02 2.000000000000000000e+01
4.400000000000000000e+01 2.120000000000000000e+02 1.500000000000000000e+01
5.400000000000000000e+01 5.400000000000000000e+01 1.600000000000000000e+01
5.200000000000000000e+01 5.200000000000000000e+01 1.400000000000000000e+01
1.200000000000000000e+01 1.690000000000000000e+02 1.200000000000000000e+01
6.700000000000000000e+01 6.700000000000000000e+01 2.300000000000000000e+01
6.400000000000000000e+01 1.020000000000000000e+02 6.000000000000000000e+00
1.000000000000000000e+01 1.620000000000000000e+02 4.000000000000000000e+00
5.000000000000000000e+00 5.000000000000000000e+00 4.000000000000000000e+00
1.480000000000000000e+02 2.660000000000000000e+02 3.000000000000000000e+00
1.970000000000000000e+02 2.080000000000000000e+02 2.100000000000000000e+01
3.000000000000000000e+00 3.000000000000000000e+00 3.000000000000000000e+00
2.600000000000000000e+01 2.600000000000000000e+01 1.900000000000000000e+01
2.160000000000000000e+02 7.700000000000000000e+01 7.000000000000000000e+00
2.250000000000000000e+02 2.280000000000000000e+02 1.200000000000000000e+01
9.500000000000000000e+01 1.500000000000000000e+02 1.400000000000000000e+01
8.000000000000000000e+00 8.000000000000000000e+00 6.000000000000000000e+00
3.300000000000000000e+01 3.300000000000000000e+01 2.500000000000000000e+01
1.300000000000000000e+01 1.300000000000000000e+01 8.000000000000000000e+00
1.080000000000000000e+02 9.900000000000000000e+01 1.100000000000000000e+01
1.800000000000000000e+01 1.800000000000000000e+01 1.400000000000000000e+01
1.760000000000000000e+02 2.470000000000000000e+02 2.400000000000000000e+01
6.500000000000000000e+01 6.500000000000000000e+01 2.100000000000000000e+01
1.500000000000000000e+01 1.500000000000000000e+01 1.000000000000000000e+01
5.700000000000000000e+01 2.330000000000000000e+02 3.000000000000000000e+00
1.100000000000000000e+02 1.130000000000000000e+02 1.700000000000000000e+01
4.000000000000000000e+01 7.600000000000000000e+01 1.100000000000000000e+01
